1 2432
2 2995
3 3689
4 4544
5 5597
6 6894
7 8492
8 10460
9 12884
10 15870
11 15930
12 15991
13 16052
14 16113
15 16174
16 16236
17 16298
18 16360
19 16422
20 16484
21 16547
22 16610
23 16673
24 16736
25 16800
26 16864
27 16928
28 16992
29 17057
30 17122
31 17187
32 17252
33 17318
34 17384
35 17450
36 17516
37 17583
38 17650
39 17717
40 17784
41 17852
42 17920
43 17988
44 18056
45 18125
46 18194
47 18263
48 18333
49 18403
50 18473
51 18543
52 18614
53 18685
54 18756
55 18827
56 18899
57 18971
58 19043
59 19116
60 19189
61 19262
62 19335
63 19409
64 19483
65 19557
66 19632
67 19707
68 19782
69 19857
70 19933
71 20009
72 20085
73 20162
74 20239
75 20316
76 20393
77 20471
78 20549
79 20627
80 20706
81 20785
82 20864
83 20944
84 21024
85 21104
86 21184
87 21265
88 21346
89 21427
90 21509
91 21591
92 21673
93 21756
94 21839
95 21922
96 22006
97 22090
98 22174
99 22259
